3039726670 84.978951 -41.34121 DES0541-4123 
3039745262 85.701723 -43.090076 DES0541-4249 
3039746738 84.984419 -41.063136 DES0541-4123 
3039749391 85.369633 -43.057579 DES0541-4249 
3068635430 63.621374 -55.623715 DES0412-5540 
3068635530 62.560044 -47.576979 DES0411-4748 
3068635643 62.654614 -47.576223 DES0411-4748 
3068635665 63.466379 -55.620791 DES0412-5540 
3068635936 62.331856 -47.572978 DES0411-4748 
3068635968 62.60796 -47.572792 DES0411-4748 
3068637514 64.639824 -55.756265 DES0417-5540 
3068641779 62.315161 -47.561798 DES0411-4748 
3068642547 62.341333 -53.937867 DES0411-5414 
3068644274 64.955963 -55.742165 DES0417-5540 
3068645720 62.570926 -55.607582 DES0412-5540 
3068645769 62.381395 -47.552376 DES0411-4748 
3068647615 63.686975 -55.307508 DES0416-5457 
3068648285 63.570679 -45.912193 DES0412-4540 
3068650174 64.639529 -55.732896 DES0417-5540 
3068652438 64.032249 -55.299356 DES0416-5457 
